//A ASCII 65
00000000001111111100000000000000
00000000011110001111000000000000
00000001111000000011110000000000
00000001111000000001111000000000
00000011110000000001111000000000
00000011110000000001111000000000
00000011110000000001111000000000
00000011110000000000111100000000
00000111100000000000111100000000
00000111100000000000111100000000
00000111100000000000111100000000
00000111100000000000011110000000
00000111100000000000011110000000
00001111000000000000011110000000
00001111111111111111111110000000
00001111111111111111111111000000
00001111000000000000001111000000
00011110000000000000001111000000
00011110000000000000001111000000
00011110000000000000000111100000
00011110000000000000000111100000
00111100000000000000000111100000
00111100000000000000000111100000
01111000000000000000000011110000
01111000000000000000000011110000
01111000000000000000000011110000
01111000000000000000000011110000
11110000000000000000000001111000
11110000000000000000000001111000
11110000000000000000000001111000
11110000000000000000000001111000
00000000000000000000000000000000
//B ASCII 66
11111111111111111111111000000000
11111111111111111111111100000000
11000000000000000000001110000000
11000000000000000000000111000000
11000000000000000000000011100000
11000000000000000000000001110000
11000000000000000000000000111000
11000000000000000000000000011000
11000000000000000000000000111000
11000000000000000000000001110000
11000000000000000000000011100000
11000000000000000000000111000000
11000000000000000011111110000000
11111111111111111111111100000000
11111111111111111111110000000000
11111111111111111111000000000000
11111111111111111111110000000000
11111111111111111111111000000000
11100000000000000000111100000000
11000000000000000000001110000000
11000000000000000000000111000000
11000000000000000000000011100000
11000000000000000000000001110000
11000000000000000000000000111000
11000000000000000000000000011000
11000000000000000000000000111000
11000000000000000000000001110000
11000000000000000000000011100000
11000000000000000000000111000000
11111111111111111111111110000000
11111111111111111111111100000000
11111111111111111111111110000000
//C ASCII 67
00000000000000000000000000000000
00011111111111111111111111100000
00111111111111111111111111100000
01111111111111111100000000000000
11111110000000000000000000000000
11111100000000000000000000000000
11111000000000000000000000000000
11111000000000000000000000000000
11111000000000000000000000000000
11111000000000000000000000000000
11111000000000000000000000000000
11111000000000000000000000000000
11110000000000000000000000000000
11110000000000000000000000000000
11110000000000000000000000000000
11110000000000000000000000000000
11110000000000000000000000000000
11110000000000000000000000000000
11110000000000000000000000000000
11110000000000000000000000000000
11110000000000000000000000000000
11110000000000000000000000000000
11110000000000000000000000000000
11111000000000000000000000000000
11111000000000000000000000000000
11111100000000000000000000000000
11111100000000000000000000000000
11111110000000000000000000000000
01111111111111111100000000000000
00111111111111111111111111100000
00011111111111111111111111100000
00000000000000000000000000000000
//D ASCII 68
00000000000000000000000000000000
11111111111111111111111000000000
11111111111111111111111100000000
11100000000000000000001110000000
11100000000000000000000111000000
11100000000000000000000011100000
11100000000000000000000001110000
11100000000000000000000000111000
11100000000000000000000000111000
11100000000000000000000000111000
11100000000000000000000000111000
11100000000000000000000000111000
11100000000000000000000000111000
11100000000000000000000000111000
11100000000000000000000000111000
11100000000000000000000000111000
11100000000000000000000000111000
11100000000000000000000000111000
11100000000000000000000000111000
11100000000000000000000000111000
11100000000000000000000000111000
11100000000000000000000000111000
11100000000000000000000000111000
11100000000000000000000000111000
11100000000000000000000000111000
11100000000000000000000000111000
11100000000000000000000001110000
11100000000000000000000011100000
11100000000000000000000111000000
11111111111111111111111110000000
11111111111111111111111100000000
00000000000000000000000000000000
//E ASCII 69
00000000000000000000000000000000
11111111111111111111111111100000
11111111111111111111111111100000
11111111111111111100000000000000
11111110000000000000000000000000
11111100000000000000000000000000
11111100000000000000000000000000
11111100000000000000000000000000
11111100000000000000000000000000
11111100000000000000000000000000
11111100000000000000000000000000
11111100000000000000000000000000
11111100000000000000000000000000
11111100000000000000000000000000
11111111111111111111111111100000
11111111111111111111111111100000
11111111111111111111111111100000
11111100000000000000000000000000
11111100000000000000000000000000
11111100000000000000000000000000
11111100000000000000000000000000
11111100000000000000000000000000
11111100000000000000000000000000
11111100000000000000000000000000
11111100000000000000000000000000
11111100000000000000000000000000
11111100000000000000000000000000
11111110000000000000000000000000
11111111111111111100000000000000
11111111111111111111111111100000
11111111111111111111111111100000
00000000000000000000000000000000
//F ASCII 70
00000000000000000000000000000000
11111111111111111111111111100000
11111111111111111111111111100000
11111111111111111100000000000000
11111110000000000000000000000000
11111100000000000000000000000000
11111100000000000000000000000000
11111100000000000000000000000000
11111100000000000000000000000000
11111100000000000000000000000000
11111100000000000000000000000000
11111100000000000000000000000000
11111100000000000000000000000000
11111100000000000000000000000000
11111111111111111111111111100000
11111111111111111111111111100000
11111111111111111111111111100000
11111100000000000000000000000000
11111100000000000000000000000000
11111100000000000000000000000000
11111100000000000000000000000000
11111100000000000000000000000000
11111100000000000000000000000000
11111100000000000000000000000000
11111100000000000000000000000000
11111100000000000000000000000000
11111100000000000000000000000000
11111100000000000000000000000000
11111100000000000000000000000000
11111100000000000000000000000000
11111100000000000000000000000000
00000000000000000000000000000000
//G ASCII 71
00000000000000000000000000000000
00011111111111111111111111100000
00111111111111111111111111100000
01111111111111111100000000000000
11111110000000000000000000000000
11111100000000000000000000000000
11111100000000000000000000000000
11111100000000000000000000000000
11111100000000000000000000000000
11111100000000000000000000000000
11111100000000000000000000000000
11111100000000000000000000000000
11111100000000000000000000000000
11111100000000000000000000000000
11111100000000000000000000000000
11111100000000000000000000000000
11111100000000111111111111100000
11111100000000111111111111100000
11111100000000111111111111100000
11111100000000000000111111100000
11111100000000000000111111100000
11111100000000000000111111100000
11111100000000000000111111100000
11111100000000000000111111100000
11111100000000000000111111100000
11111100000000000000111111100000
11111100000000000000111111100000
11111110000000000000111111000000
01111111111111111111111111000000
00111111111111111111111111100000
00011111111111111111111111100000
00000000000000000000000000000000
//H ASCII 72
00000000000000000000000000000000
11111100000000000000011111100000
11111100000000000000011111100000
11111100000000000000011111100000
11111100000000000000011111100000
11111100000000000000011111100000
11111100000000000000011111100000
11111100000000000000011111100000
11111100000000000000011111100000
11111100000000000000011111100000
11111100000000000000011111100000
11111100000000000000011111100000
11111100000000000000011111100000
11111100000000000000011111100000
11111111111111111111111111100000
11111111111111111111111111100000
11111111111111111111111111100000
11111100000000000000011111100000
11111100000000000000011111100000
11111100000000000000011111100000
11111100000000000000011111100000
11111100000000000000011111100000
11111100000000000000011111100000
11111100000000000000011111100000
11111100000000000000011111100000
11111100000000000000011111100000
11111100000000000000011111100000
11111100000000000000011111100000
11111100000000000000011111100000
11111100000000000000011111100000
00000000000000000000000000000000
00000000000000000000000000000000
//I ASCII 73
00000000000000000000000000000000
11111111111111111111111111100000
11111111111111111111111111100000
11111111111111111111111111100000
00000000001111111000000000000000
00000000001111111000000000000000
00000000001111111000000000000000
00000000001111111000000000000000
00000000001111111000000000000000
00000000001111111000000000000000
00000000001111111000000000000000
00000000001111111000000000000000
00000000001111111000000000000000
00000000001111111000000000000000
00000000001111111000000000000000
00000000001111111000000000000000
00000000001111111000000000000000
00000000001111111000000000000000
00000000001111111000000000000000
00000000001111111000000000000000
00000000001111111000000000000000
00000000001111111000000000000000
00000000001111111000000000000000
00000000001111111000000000000000
00000000001111111000000000000000
00000000001111111000000000000000
00000000001111111000000000000000
00000000001111111000000000000000
11111111111111111111111111100000
11111111111111111111111111100000
11111111111111111111111111100000
00000000000000000000000000000000
//J ASCII 74
00000000000000000000000000000000
11111111111111111111111111100000
11111111111111111111111111100000
11111111111111111111111111100000
00000000001111111000000000000000
00000000001111111000000000000000
00000000001111111000000000000000
00000000001111111000000000000000
00000000001111111000000000000000
00000000001111111000000000000000
00000000001111111000000000000000
00000000001111111000000000000000
00000000001111111000000000000000
00000000001111111000000000000000
00000000001111111000000000000000
00000000001111111000000000000000
00000000001111111000000000000000
00000000001111111000000000000000
00000000001111111000000000000000
00000000001111111000000000000000
00000000001111111000000000000000
00000000001111111000000000000000
00000000001111111000000000000000
00000000001111111000000000000000
00000000001111111000000000000000
00000000011111111000000000000000
00000000111111111000000000000000
00000001111111110000000000000000
11111111111111100000000000000000
11111111111110000000000000000000
11111111111100000000000000000000
00000000000000000000000000000000
//K ASCII 75
00000000000000000000000000000000
11111100000000000000001111110000
11111100000000000000011111100000
11111100000000000000111111000000
11111100000000000001111110000000
11111100000000000011111100000000
11111100000000000111111000000000
11111100000000001111110000000000
11111100000000011111100000000000
11111100000000111111000000000000
11111100000001111110000000000000
11111100000011111100000000000000
11111100000111111000000000000000
11111100001111111000000000000000
11111100011111110000000000000000
11111111111111100000000000000000
11111111111111100000000000000000
11111100011111110000000000000000
11111100001111110000000000000000
11111100000111111000000000000000
11111100000011111100000000000000
11111100000001111110000000000000
11111100000000111111000000000000
11111100000000011111100000000000
11111100000000001111110000000000
11111100000000000111111000000000
11111100000000000011111100000000
11111100000000000001111110000000
11111100000000000000111111000000
11111100000000000000011111100000
11111100000000000000001111110000
00000000000000000000000000000000
//L ASCII 76
00000000000000000000000000000000
11111100000000000000000000000000
11111100000000000000000000000000
11111100000000000000000000000000
11111100000000000000000000000000
11111100000000000000000000000000
11111100000000000000000000000000
11111100000000000000000000000000
11111100000000000000000000000000
11111100000000000000000000000000
11111100000000000000000000000000
11111100000000000000000000000000
11111100000000000000000000000000
11111100000000000000000000000000
11111100000000000000000000000000
11111100000000000000000000000000
11111100000000000000000000000000
11111100000000000000000000000000
11111100000000000000000000000000
11111100000000000000000000000000
11111100000000000000000000000000
11111100000000000000000000000000
11111100000000000000000000000000
11111100000000000000000000000000
11111100000000000000000000000000
11111100000000000000000000000000
11111100000000000000000000000000
11111100000000000000000000000000
11111111111111111111111111100000
11111111111111111111111111100000
11111111111111111111111111100000
00000000000000000000000000000000
//M ASCII 77
00000000000000000000000000000000
00000000000000000000000000000000
00000000000000000000000000000000
00000000000000000000000000000000
00000000000000000000000000000000
00000000000000000000000000000000
00000000000000000000000000000000
00001111110000000011111100000000
00001111110000000011111100000000
00001111110000000011111100000000
00001111110000000011111100000000
00011100111000000111001110000000
00011100111000000111001110000000
00011100111000000111001110000000
00011100111000000111001110000000
00111000011100001110000111000000
00111000011100001110000111000000
00111000011100001110000111000000
00111000011100001110000111000000
00111000001110011100000111000000
00111000001110011100000111000000
00111000001110011100000111000000
00111000001110011100000111000000
01110000000111111000000011100000
01110000000111111000000011100000
01110000000111111000000011100000
01110000000111111000000011100000
11100000000011110000000001110000
11100000000011110000000001110000
11100000000011110000000001110000
11100000000011110000000001110000
00000000000000000000000000000000
//N ASCII 78
00000000000000000000000000000000
00000000000000000000000000000000
00000000000000000000000000000000
00000000000000000000000000000000
00000000000000000000000000000000
00000000000000000000000000000000
00000000000000000000000000000000
11111100000000111000000000000000
11111100000000111000000000000000
11111100000000111000000000000000
11111100000000111000000000000000
11100111000000111000000000000000
11100111000000111000000000000000
11100111000000111000000000000000
11100111000000111000000000000000
11100001110000111000000000000000
11100001110000111000000000000000
11100001110000111000000000000000
11100001110000111000000000000000
11100000111001110000000000000000
11100000111001110000000000000000
11100000111001110000000000000000
11100000111001110000000000000000
11100000001111110000000000000000
11100000001111110000000000000000
11100000001111110000000000000000
11100000001111110000000000000000
11100000000011110000000000000000
11100000000011110000000000000000
11100000000011110000000000000000
11100000000011110000000000000000
00000000000000000000000000000000
//O ASCII 79
00000000000000000000000000000000
00000000000000000000000000000000
00000000000000000000000000000000
00000000000000000000000000000000
00000000000000000000000000000000
00000000011111111111100000000000
00000000011111111111110000000000
00000000111000000000111000000000
00000001110000000000011100000000
00000011100000000000001110000000
00000111000000000000000111000000
00001110000000000000000011100000
00011100000000000000000001110000
00111000000000000000000001110000
00111000000000000000000001110000
00111000000000000000000001110000
00111000000000000000000001110000
00111000000000000000000001110000
00111000000000000000000001110000
00111000000000000000000001110000
00111000000000000000000001110000
00111000000000000000000001110000
00111000000000000000000001110000
00111000000000000000000001110000
00011100000000000000000001110000
00001110000000000000000011100000
00000111000000000000000111000000
00000001110000000000011100000000
00000000111000000000111000000000
00000000011111111111111000000000
00000000011111111111100000000000
00000000000000000000000000000000
//P ASCII 80
00000000000000000000000000000000
11111111111111111111110000000000
11111111111111111111111000000000
11111111111111111111111100000000
11111110000000000000001110000000
11111100000000000000001111000000
11111100000000000000000011100000
11111100000000000000000001110000
11111100000000000000000001110000
11111100000000000000000001110000
11111100000000000000000001110000
11111100000000000000000011100000
11111100000000000000000111100000
11111100000000000000000111100000
11111111111111111111111111100000
11111111111111111111111100000000
11111111111111111111100000000000
11111100000000000000000000000000
11111100000000000000000000000000
11111100000000000000000000000000
11111100000000000000000000000000
11111100000000000000000000000000
11111100000000000000000000000000
11111100000000000000000000000000
11111100000000000000000000000000
11111100000000000000000000000000
11111100000000000000000000000000
11111100000000000000000000000000
11111100000000000000000000000000
11111100000000000000000000000000
11111100000000000000000000000000
00000000000000000000000000000000
//Q ASCII 81
00000000000000000000000000000000
00000000000000000000000000000000
00000000000000000000000000000000
00000000000000000000000000000000
00000000000000000000000000000000
00000000000000000000000000000000
00000000000000000000000000000000
00000000111111111111000000000000
00000000111111111111100000000000
00000001110000000001110000000000
00000011100000000000111000000000
00000111000000000000011100000000
00001110000000000000001110000000
00011100000000000000000111000000
00111000000000000000000011100000
01110000000000000000000011100000
01110000000000000000000011100000
01110000000000000000000011100000
01110000000000000000000011100000
01110000000000000000000011100000
01110000000000000000000011100000
01110000000000000000000011100000
00111000000000000000000011100000
00011100000000000001110111000000
00001110000000000000111111000000
00000011100000000000111111000000
00000001110000000001110111000000
00000000111111111111100111100000
00000000111111111111000011110000
00000000000000000000000011110000
00000000000000000000000000000000
00000000000000000000000000000000
//R ASCII 82
00000000000000000000000000000000
11111111111111111111110000000000
11111111111111111111111000000000
11111111111111111111111100000000
11111110000000000000001110000000
11111100000000000000001111000000
11111100000000000000000011100000
11111100000000000000000001110000
11111100000000000000000001110000
11111100000000000000000001110000
11111100000000000000000001110000
11111100000000000000000011100000
11111100000000000000000111100000
11111100000000000000000111100000
11111111111111111111111111100000
11111111111111111111111100000000
11111111111111111111100000000000
11111101111100000000000000000000
11111100011110000000000000000000
11111100001111100000000000000000
11111100000011110000000000000000
11111100000001110000000000000000
11111100000000111110000000000000
11111100000000011110000000000000
11111100000000001111110000000000
11111100000000000111111000000000
11111100000000000000111100000000
11111100000000000000111111000000
11111100000000000000001111110000
11111100000000000000000111111000
11111100000000000000000011111100
00000000000000000000000000000000
//S ASCII 83
00000000000000000000000000000000
00011111111111111111111111100000
00111111111111111111111111100000
01111111111111111100000000000000
11111110000000000000000000000000
11111100000000000000000000000000
11111100000000000000000000000000
11111100000000000000000000000000
11111100000000000000000000000000
11111100000000000000000000000000
11111100000000000000000000000000
11111100000000000000000000000000
11111100000000000000000000000000
11111100000000000000000000000000
11111100000000000000000000000000
11111100000000000000000000000000
11111111111111111111111111100000
11111111111111111111111111100000
11111111111111111111111111100000
00000000000000000000111111100000
00000000000000000000111111100000
00000000000000000000111111100000
00000000000000000000111111100000
00000000000000000000111111100000
00000000000000000000111111100000
00000000000000000000111111100000
00000000000000000000111111100000
00000000000000000001111111100000
01111111111111111111111111100000
01111111111111111111111111000000
01111111111111111111111110000000
00000000000000000000000000000000
//T ASCII 84
00000000000000000000000000000000
11111111111111111111111111100000
11111111111111111111111111100000
11111111111111111111111111100000
00000000001111111000000000000000
00000000001111111000000000000000
00000000001111111000000000000000
00000000001111111000000000000000
00000000001111111000000000000000
00000000001111111000000000000000
00000000001111111000000000000000
00000000001111111000000000000000
00000000001111111000000000000000
00000000001111111000000000000000
00000000001111111000000000000000
00000000001111111000000000000000
00000000001111111000000000000000
00000000001111111000000000000000
00000000001111111000000000000000
00000000001111111000000000000000
00000000001111111000000000000000
00000000001111111000000000000000
00000000001111111000000000000000
00000000001111111000000000000000
00000000001111111000000000000000
00000000001111111000000000000000
00000000001111111000000000000000
00000000001111111000000000000000
00000000001111111000000000000000
00000000001111111000000000000000
00000000001111111000000000000000
00000000000000000000000000000000
//U ASCII 85
00000000000000000000000000000000
11111100000000000000000111110000
11111100000000000000000111110000
11111100000000000000000111110000
11111100000000000000000111110000
11111100000000000000000111110000
11111100000000000000000111110000
11111100000000000000000111110000
11111100000000000000000111110000
11111100000000000000000111110000
11111100000000000000000111110000
11111100000000000000000111110000
11111100000000000000000111110000
11111100000000000000000111110000
11111100000000000000000111110000
11111100000000000000000111110000
11111100000000000000000111110000
11111100000000000000000111110000
11111100000000000000000111110000
11111100000000000000000111110000
11111100000000000000000111110000
11111100000000000000000111110000
11111100000000000000000111110000
11111100000000000000000111110000
11111100000000000000000111110000
11111100000000000000000111110000
11111100000000000000000111110000
11111100000000000000000111110000
11111111111100001111111111110000
00111111111111111111111111000000
00001111111111111111111100000000
00000000000000000000000000000000
//V ASCII 86
00000000000000000000000000000000
11111100000000000000001111110000
11111100000000000000011111100000
11111100000000000000111111000000
01111110000000000000011111100000
01111110000000000000111111000000
01111110000000000000111111000000
00111111000000000000111111000000
00111111000000000001111110000000
00111111000000000001111110000000
00011111100000000001111110000000
00011111100000000011111100000000
00011111100000000011111100000000
00001111110000000011111100000000
00001111110000000111111000000000
00001111100000000111111000000000
00000111111000000111111000000000
00000111111000000111111000000000
00000011111100001111110000000000
00000001111111111111100000000000
00000000111111111111000000000000
00000000111111111111000000000000
00000000111111111111000000000000
00000000011111111110000000000000
00000000011111111110000000000000
00000000011111111110000000000000
00000000001111111100000000000000
00000000001111111100000000000000
00000000001111111100000000000000
00000000000111111000000000000000
00000000000111111000000000000000
00000000000000000000000000000000
//W ASCII 87
00000000000000000000000000000000
00000000000000000000000000000000
00000000000000000000000000000000
00000000000000000000000000000000
00000000000000000000000000000000
00000000000000000000000000000000
00000000000000000000000000000000
00000000000000000000000000000000
11100000000011110000000001110000
11100000000011110000000001110000
11100000000011110000000001110000
11100000000011110000000001110000
01110000000111111000000011100000
01110000000111111000000011100000
01110000000111111000000011100000
01110000000111111000000011100000
00111000001110011100000111000000
00111000001110011100000111000000
00111000001110011100000111000000
00111000001110011100000111000000
00111000011100001110000111000000
00111000011100001110000111000000
00111000011100001110000111000000
00111000011100001110000111000000
00011100111000000111001110000000
00011100111000000111001110000000
00011100111000000111001110000000
00011100111000000111001110000000
00001111110000000011111100000000
00001111110000000011111100000000
00001111110000000011111100000000
00001111110000000011111100000000
//X ASCII 88
00000000000000000000000000000000
00000000000000000000000000000000
00000000000000000000000000000000
00000000000000000000000000000000
00000000000000000000000000000000
00000000000000000000000000000000
00000000000000000000000000000000
00000000000000000000000000000000
11111100000000000000001111110000
01111110000000000000011111100000
00111111000000000000111111000000
00011111100000000001111110000000
00001111110000000011111100000000
00000111111000000111111000000000
00000011111100001111110000000000
00000001111110011111110000000000
00000000111111111111100000000000
00000000011111111111000000000000
00000000001111111110000000000000
00000000000111111110000000000000
00000000001111111111000000000000
00000000011111111110000000000000
00000000111111111111000000000000
00000001111110011111100000000000
00000011111100001111110000000000
00000111111000000111111000000000
00001111110000000011111100000000
00011111100000000001111110000000
00111111000000000000111111000000
01111110000000000000011111100000
11111100000000000000001111110000
00000000000000000000000000000000
//Y ASCII 89
00000000000000000000000000000000
11111100000000000000001111110000
01111110000000000000011111100000
00111111000000000000111111000000
00011111100000000001111110000000
00001111110000000011111100000000
00000111111000000111111000000000
00000011111100001111110000000000
00000001111110011111110000000000
00000000111111111111100000000000
00000000011111111111000000000000
00000000001111111110000000000000
00000000000111111100000000000000
00000000000111111100000000000000
00000000000111111100000000000000
00000000000111111100000000000000
00000000000111111100000000000000
00000000000111111100000000000000
00000000000111111100000000000000
00000000000111111100000000000000
00000000000111111100000000000000
00000000000111111100000000000000
00000000000111111100000000000000
00000000000111111100000000000000
00000000000111111100000000000000
00000000000111111100000000000000
00000000000111111100000000000000
00000000000111111100000000000000
00000000000111111100000000000000
00000000000111111100000000000000
00000000000111111100000000000000
00000000000000000000000000000000
//Z ASCII 90
00000000000000000000000000000000
11111111111111111111111111110000
11111111111111111111111111110000
11111111111111111111111111110000
00000000000000000000001111110000
00000000000000000000011111100000
00000000000000000000111111000000
00000000000000000001111110000000
00000000000000000011111100000000
00000000000000000111111000000000
00000000000000001111110000000000
00000000000000011111100000000000
00000000000000111111100000000000
00000000000001111111000000000000
00000000000011111110000000000000
00000000000111111000000000000000
00000000011111100000000000000000
00000000111111000000000000000000
00000001111110000000000000000000
00000011111100000000000000000000
00000111111000000000000000000000
00001111110000000000000000000000
00011111100000000000000000000000
00111111000000000000000000000000
01111110000000000000000000000000
11111100000000000000000000000000
11111000000000000000000000000000
11111111111111111111111111110000
11111111111111111111111111110000
11111111111111111111111111110000
00000000000000000000000000000000
00000000000000000000000000000000
//[ ASCII using as sapce  91
00000000000000000000000000000000
00000000000000000000000000000000
00000000000000000000000000000000
00000000000000000000000000000000
00000000000000000000000000000000
00000000000000000000000000000000
00000000000000000000000000000000
00000000000000000000000000000000
00000000000000000000000000000000
00000000000000000000000000000000
00000000000000000000000000000000
00000000000000000000000000000000
00000000000000000000000000000000
00000000000000000000000000000000
00000000000000000000000000000000
00000000000000000000000000000000
00000000000000000000000000000000
00000000000000000000000000000000
00000000000000000000000000000000
00000000000000000000000000000000
00000000000000000000000000000000
00000000000000000000000000000000
00000000000000000000000000000000
00000000000000000000000000000000
00000000000000000000000000000000
00000000000000000000000000000000
00000000000000000000000000000000
00000000000000000000000000000000
00000000000000000000000000000000
00000000000000000000000000000000
00000000000000000000000000000000
00000000000000000000000000000000