//A
00000000000000000000000000000000
00000000000000000000000000000000
00000000000000011000000000000000
00000000000000111100000000000000
00000000000000111100000000000000
00000000000001111100000000000000
00000000000001101110000000000000
00000000000011100110000000000000
00000000000011000111000000000000
00000000000011000011000000000000
00000000000110000011000000000000
00000000000110000011100000000000
00000000001110000001100000000000
00000000001100000001110000000000
00000000001100000001110000000000
00000000011000000000110000000000
00000000011000000000111000000000
00000000111000000000011000000000
00000000110000000000011100000000
00000000110000000000011100000000
00000001111111111111111100000000
00000001111111111111111110000000
00000011100000000000001110000000
00000011000000000000000111000000
00000011000000000000000111000000
00000111000000000000000011000000
00000110000000000000000011100000
00001110000000000000000001100000
00001110000000000000000001110000
00001100000000000000000001110000
00000000000000000000000000000000
00000000000000000000000000000000
//B
00000000000000000000000000000000
00000000000000000000000000000000
00000000111111111000000000000000
00000000111111111111000000000000
00000000111111111111110000000000
00000000110000000001111000000000
00000000110000000000111000000000
00000000110000000000011100000000
00000000110000000000011100000000
00000000110000000000011100000000
00000000110000000000011100000000
00000000110000000000011100000000
00000000110000000000111000000000
00000000110000000001111000000000
00000000111111111111110000000000
00000000111111111111100000000000
00000000111111111111111000000000
00000000110000000000111100000000
00000000110000000000001110000000
00000000110000000000000111000000
00000000110000000000000111000000
00000000110000000000000011000000
00000000110000000000000011000000
00000000110000000000000111000000
00000000110000000000000111000000
00000000110000000000001111000000
00000000110000000000011110000000
00000000111111111111111100000000
00000000111111111111111000000000
00000000111111111111000000000000
00000000000000000000000000000000
00000000000000000000000000000000
//C
00000000000000000000000000000000
00000000000000000000000000000000
00000000000000000000000000000000
00000000000011111111100000000000
00000000001111111111111000000000
00000000011110000000111100000000
00000000111000000000011110000000
00000001110000000000001110000000
00000011100000000000000111000000
00000011100000000000000000000000
00000011000000000000000000000000
00000111000000000000000000000000
00000111000000000000000000000000
00000111000000000000000000000000
00000110000000000000000000000000
00000110000000000000000000000000
00000110000000000000000000000000
00000110000000000000000000000000
00000110000000000000000000000000
00000111000000000000000000000000
00000111000000000000000000000000
00000111000000000000000000000000
00000011000000000000000000000000
00000011100000000000000000000000
00000011100000000000000111000000
00000001110000000000001110000000
00000001111000000000001110000000
00000000111100000000111100000000
00000000011111000011111000000000
00000000000111111111110000000000
00000000000001111110000000000000
00000000000000000000000000000000
//D
00000000000000000000000000000000
00000000000000000000000000000000
00000000000000000000000000000000
00000001111111110000000000000000
00000011111111111111000000000000
00000011100000111111110000000000
00000011100000000001111000000000
00000011100000000000111110000000
00000011100000000000001110000000
00000011100000000000000111000000
00000011100000000000000111000000
00000011100000000000000011100000
00000011100000000000000011100000
00000011100000000000000001100000
00000011100000000000000001100000
00000011100000000000000001110000
00000011100000000000000001110000
00000011100000000000000001110000
00000011100000000000000001100000
00000011100000000000000001100000
00000011100000000000000001100000
00000011100000000000000011100000
00000011100000000000000011100000
00000011100000000000000111000000
00000011100000000000000111000000
00000011100000000000001110000000
00000011100000000000111100000000
00000011100000000011111000000000
00000011111111111111110000000000
00000011111111111110000000000000
00000000000000000000000000000000
00000000000000000000000000000000
//E
00000000000000000000000000000000
00000000000000000000000000000000
00000000000000000000000000000000
00000000111111111111111100000000
00000000111111111111111100000000
00000000111000000000000000000000
00000000111000000000000000000000
00000000111000000000000000000000
00000000111000000000000000000000
00000000111000000000000000000000
00000000111000000000000000000000
00000000111000000000000000000000
00000000111000000000000000000000
00000000111000000000000000000000
00000000111000000000000000000000
00000000111111111111111000000000
00000000111111111111111000000000
00000000111000000000000000000000
00000000111000000000000000000000
00000000111000000000000000000000
00000000111000000000000000000000
00000000111000000000000000000000
00000000111000000000000000000000
00000000111000000000000000000000
00000000111000000000000000000000
00000000111000000000000000000000
00000000111000000000000000000000
00000000111000000000000000000000
00000000111111111111111110000000
00000000111111111111111110000000
00000000000000000000000000000000
00000000000000000000000000000000
//F
00000000000000000000000000000000
00000000000000000000000000000000
00000000000000000000000000000000
00000000011111111111111110000000
00000000011111111111111110000000
00000000011100000000000000000000
00000000011000000000000000000000
00000000011000000000000000000000
00000000011000000000000000000000
00000000011000000000000000000000
00000000011000000000000000000000
00000000011000000000000000000000
00000000011000000000000000000000
00000000011000000000000000000000
00000000011000000000000000000000
00000000011111111111111100000000
00000000011111111111111100000000
00000000011100000000000000000000
00000000011000000000000000000000
00000000011000000000000000000000
00000000011000000000000000000000
00000000011000000000000000000000
00000000011000000000000000000000
00000000011000000000000000000000
00000000011000000000000000000000
00000000011000000000000000000000
00000000011000000000000000000000
00000000011000000000000000000000
00000000011000000000000000000000
00000000011000000000000000000000
00000000000000000000000000000000
00000000000000000000000000000000
//G
00000000000000000000000000000000
00000000000000000000000000000000
00000000000000000000000000000000
00000000000001111111110000000000
00000000000111111111111000000000
00000000001111000000111110000000
00000000011100000000001110000000
00000000111000000000000111000000
00000001110000000000000011000000
00000001110000000000000011000000
00000001100000000000000000000000
00000011100000000000000000000000
00000011000000000000000000000000
00000011000000000000000000000000
00000011000000000000000000000000
00000111000000000000000000000000
00000111000000000111111111000000
00000111000000000111111111100000
00000111000000000111111111100000
00000011000000000000000011100000
00000011000000000000000011100000
00000011100000000000000011100000
00000011100000000000000011100000
00000001110000000000000011100000
00000001110000000000000011100000
00000000111000000000000011100000
00000000111100000000000011100000
00000000011110000000000111100000
00000000001111110000111111000000
00000000000011111111111100000000
00000000000000111111100000000000
00000000000000000000000000000000
//H
00000000000000000000000000000000
00000000000000000000000000000000
00000000000000000000000000000000
00000011000000000000000010000000
00000011000000000000000111000000
00000011000000000000000111000000
00000011000000000000000111000000
00000011000000000000000111000000
00000011000000000000000111000000
00000011000000000000000111000000
00000011000000000000000111000000
00000011000000000000000111000000
00000011000000000000000111000000
00000011000000000000000111000000
00000011000000000000000111000000
00000011111111111111111111000000
00000011111111111111111111000000
00000011100000000000000111000000
00000011000000000000000111000000
00000011000000000000000111000000
00000011000000000000000111000000
00000011000000000000000111000000
00000011000000000000000111000000
00000011000000000000000111000000
00000011000000000000000111000000
00000011000000000000000111000000
00000011000000000000000111000000
00000011000000000000000111000000
00000011000000000000000111000000
00000011000000000000000111000000
00000000000000000000000000000000
00000000000000000000000000000000
//I
00000000000000000000000000000000
00000000000000000000000000000000
00000000000000000000000000000000
00000000000000111000000000000000
00000000000000111000000000000000
00000000000000111000000000000000
00000000000000111000000000000000
00000000000000111000000000000000
00000000000000111000000000000000
00000000000000111000000000000000
00000000000000111000000000000000
00000000000000111000000000000000
00000000000000111000000000000000
00000000000000111000000000000000
00000000000000111000000000000000
00000000000000111000000000000000
00000000000000111000000000000000
00000000000000111000000000000000
00000000000000111000000000000000
00000000000000111000000000000000
00000000000000111000000000000000
00000000000000111000000000000000
00000000000000111000000000000000
00000000000000111000000000000000
00000000000000111000000000000000
00000000000000111000000000000000
00000000000000111000000000000000
00000000000000111000000000000000
00000000000000111000000000000000
00000000000000111000000000000000
00000000000000000000000000000000
00000000000000000000000000000000
//J
00000000000000000000000000000000
00000000000000000000000000000000
00000000000000000000000000000000
00000000000000000100000000000000
00000000000000001110000000000000
00000000000000001110000000000000
00000000000000001110000000000000
00000000000000001110000000000000
00000000000000001110000000000000
00000000000000001110000000000000
00000000000000001110000000000000
00000000000000001110000000000000
00000000000000001110000000000000
00000000000000001110000000000000
00000000000000001110000000000000
00000000000000001110000000000000
00000000000000001110000000000000
00000000000000001110000000000000
00000000000000001110000000000000
00000000000000001110000000000000
00000000000000001110000000000000
00000000000000001110000000000000
00000000000000001110000000000000
00000000000000001110000000000000
00001100000000001100000000000000
00001110000000001100000000000000
00001110000000011100000000000000
00000111000000111000000000000000
00000011110011111000000000000000
00000001111111110000000000000000
00000000111111000000000000000000
00000000000000000000000000000000
//K
00000000000000000000000000000000
00000000000000000000000000000000
00000000000000000000000000000000
00000000110000000000011100000000
00000000110000000000111000000000
00000000110000000001110000000000
00000000110000000011110000000000
00000000110000000111100000000000
00000000110000000111000000000000
00000000110000001110000000000000
00000000110000011100000000000000
00000000110000111000000000000000
00000000110001110000000000000000
00000000110011100000000000000000
00000000110111000000000000000000
00000000111111000000000000000000
00000000111110000000000000000000
00000000110111000000000000000000
00000000110011100000000000000000
00000000110001110000000000000000
00000000110000111000000000000000
00000000110000011100000000000000
00000000110000001110000000000000
00000000110000000111000000000000
00000000110000000011100000000000
00000000110000000001110000000000
00000000110000000001111000000000
00000000110000000000111100000000
00000000110000000000011110000000
00000000110000000000001111000000
00000000000000000000000000000000
00000000000000000000000000000000
//L
00000000000000000000000000000000
00000000000000000000000000000000
00000000000000000000000000000000
00000000001110000000000000000000
00000000001110000000000000000000
00000000001110000000000000000000
00000000001110000000000000000000
00000000001110000000000000000000
00000000001110000000000000000000
00000000001110000000000000000000
00000000001110000000000000000000
00000000001110000000000000000000
00000000001110000000000000000000
00000000001110000000000000000000
00000000001110000000000000000000
00000000001110000000000000000000
00000000001110000000000000000000
00000000001110000000000000000000
00000000001110000000000000000000
00000000001110000000000000000000
00000000001110000000000000000000
00000000001110000000000000000000
00000000001110000000000000000000
00000000001110000000000000000000
00000000001110000000000000000000
00000000001110000000000000000000
00000000001110000000000000000000
00000000001110000000000000000000
00000000001111111111111111000000
00000000001111111111111111000000
00000000000000000000000000000000
00000000000000000000000000000000
//M
00000000000000000000000000000000
00000000000000000000000000000000
00000000000000000000000000000000
00111100000000000000000000111100
00111100000000000000000000111100
00111110000000000000000001111100
00111110000000000000000001111100
00110110000000000000000011001100
00110011000000000000000011001100
00110011000000000000000111001100
00110011100000000000000110001100
00110001100000000000000110001100
00110001110000000000001100001100
00110000110000000000001100001100
00110000110000000000011100001100
00110000111000000000011000001100
00110000011000000000111000001100
00110000011100000000110000001100
00110000001100000001110000001100
00110000001110000001110000001100
00110000000110000001100000001100
00110000000110000011100000001100
00110000000111000011000000001100
00110000000011000111000000001100
00110000000011100110000000001100
00110000000001101110000000001100
00110000000001111110000000001100
00110000000001111100000000001100
00110000000000111100000000001100
00110000000000111000000000001100
00000000000000000000000000000000
00000000000000000000000000000000
//N
00000000000000000000000000000000
00000000000000000000000000000000
00000011000000000000000010000000
00000011100000000000000011000000
00000011110000000000000011000000
00000011110000000000000011000000
00000011111000000000000011000000
00000011011100000000000011000000
00000011001100000000000011000000
00000011001110000000000011000000
00000011000110000000000011000000
00000011000111000000000011000000
00000011000011100000000011000000
00000011000001100000000011000000
00000011000001110000000011000000
00000011000000111000000011000000
00000011000000011000000011000000
00000011000000011100000011000000
00000011000000001100000011000000
00000011000000001110000011000000
00000011000000000111000011000000
00000011000000000011000011000000
00000011000000000011100011000000
00000011000000000001110011000000
00000011000000000001110011000000
00000011000000000000111111000000
00000011000000000000011111000000
00000011000000000000011111000000
00000011000000000000001111000000
00000011000000000000000111000000
00000000000000000000000000000000
00000000000000000000000000000000
//O
00000000000000000000000000000000
00000000000000000000000000000000
00000000000011111111000000000000
00000000011111111111110000000000
00000000111110000011111000000000
00000001111000000000111100000000
00000011110000000000001110000000
00000111100000000000000111000000
00000111000000000000000111000000
00000111000000000000000011100000
00001110000000000000000011100000
00001110000000000000000001100000
00001100000000000000000001110000
00001100000000000000000001110000
00001100000000000000000001110000
00001100000000000000000001110000
00001100000000000000000001110000
00001100000000000000000001110000
00001100000000000000000001110000
00001100000000000000000001110000
00001110000000000000000001100000
00001110000000000000000011100000
00000110000000000000000011100000
00000111000000000000000111000000
00000111100000000000000111000000
00000011110000000000001110000000
00000001111000000000011110000000
00000000111110000001111000000000
00000000011111111111110000000000
00000000000111111111000000000000
00000000000000000000000000000000
00000000000000000000000000000000
//P
00000000000000000000000000000000
00000000000000000000000000000000
00000000111111110000000000000000
00000001111111111111100000000000
00000001111111111111111000000000
00000001110000000000111100000000
00000001110000000000011100000000
00000001110000000000001110000000
00000001110000000000001110000000
00000001110000000000000110000000
00000001110000000000000110000000
00000001110000000000000110000000
00000001110000000000001110000000
00000001110000000000001110000000
00000001110000000000111100000000
00000001110000000011111000000000
00000001111111111111110000000000
00000001111111111100000000000000
00000001110000000000000000000000
00000001110000000000000000000000
00000001110000000000000000000000
00000001110000000000000000000000
00000001110000000000000000000000
00000001110000000000000000000000
00000001110000000000000000000000
00000001110000000000000000000000
00000001110000000000000000000000
00000001110000000000000000000000
00000001110000000000000000000000
00000001110000000000000000000000
00000000000000000000000000000000
00000000000000000000000000000000
//Q
00000000000000000000000000000000
00000000000000000000000000000000
00000000000111111110000000000000
00000000011111111111100000000000
00000000111110000011111000000000
00000001110000000000111100000000
00000011100000000000011110000000
00000111000000000000001110000000
00000111000000000000000111000000
00001110000000000000000111000000
00001110000000000000000011100000
00001100000000000000000011100000
00011100000000000000000011100000
00011100000000000000000001100000
00011100000000000000000001100000
00011100000000000000000001100000
00011100000000000000000001100000
00011100000000000000000001100000
00011100000000000000000001100000
00011100000000000000000011100000
00001100000000000000000011100000
00001110000000000000000011100000
00001110000000000000000111000000
00000111000000000000000111000000
00000111000000000000001110000000
00000011100000000000011100000000
00000001110000000000111100000000
00000000111100000011111000000000
00000000011111111111111111000000
00000000000111111110000111110000
00000000000000000000000001111000
00000000000000000000000000111000
//R
00000000000000000000000000000000
00000000000000000000000000000000
00000000111111111000000000000000
00000000111111111111110000000000
00000000111111111111111100000000
00000000110000000000011110000000
00000000110000000000001110000000
00000000110000000000000111000000
00000000110000000000000111000000
00000000110000000000000111000000
00000000110000000000000111000000
00000000110000000000000110000000
00000000110000000000001110000000
00000000110000000000011100000000
00000000111111111111111000000000
00000000111111111111100000000000
00000000111111111111110000000000
00000000110000000001111000000000
00000000110000000000011100000000
00000000110000000000001100000000
00000000110000000000001110000000
00000000110000000000000110000000
00000000110000000000000110000000
00000000110000000000000110000000
00000000110000000000000111000000
00000000110000000000000111000000
00000000110000000000000011000000
00000000110000000000000011000000
00000000110000000000000011000000
00000000110000000000000011000000
00000000000000000000000000000000
00000000000000000000000000000000
//S
00000000000000000000000000000000
00000000000000000000000000000000
00000000000011111100000000000000
00000000001111111111100000000000
00000000111100000111110000000000
00000001110000000001111000000000
00000001110000000000111000000000
00000011100000000000011000000000
00000011100000000000000000000000
00000011100000000000000000000000
00000011100000000000000000000000
00000011110000000000000000000000
00000001110000000000000000000000
00000001111100000000000000000000
00000000111111000000000000000000
00000000001111111000000000000000
00000000000011111111000000000000
00000000000000011111100000000000
00000000000000000011110000000000
00000000000000000000111000000000
00000000000000000000011100000000
00000000000000000000011100000000
00000000000000000000001100000000
00000011000000000000001100000000
00000011000000000000011100000000
00000011100000000000011100000000
00000011110000000000111000000000
00000001111000000001111000000000
00000000111111111111110000000000
00000000001111111111000000000000
00000000000000000000000000000000
00000000000000000000000000000000
//T
00000000000000000000000000000000
00000000000000000000000000000000
00000011111111111111111110000000
00000011111111111111111110000000
00000011111111111111111110000000
00000000000000111000000000000000
00000000000000111000000000000000
00000000000000111000000000000000
00000000000000111000000000000000
00000000000000111000000000000000
00000000000000111000000000000000
00000000000000111000000000000000
00000000000000111000000000000000
00000000000000111000000000000000
00000000000000111000000000000000
00000000000000111000000000000000
00000000000000111000000000000000
00000000000000111000000000000000
00000000000000111000000000000000
00000000000000111000000000000000
00000000000000111000000000000000
00000000000000111000000000000000
00000000000000111000000000000000
00000000000000111000000000000000
00000000000000111000000000000000
00000000000000111000000000000000
00000000000000111000000000000000
00000000000000111000000000000000
00000000000000111000000000000000
00000000000000011000000000000000
00000000000000000000000000000000
00000000000000000000000000000000
//U
00000000000000000000000000000000
00000000000000000000000000000000
00000010000000000000000010000000
00000011000000000000000110000000
00000011000000000000000110000000
00000011000000000000000110000000
00000011000000000000000110000000
00000011000000000000000110000000
00000011000000000000000110000000
00000011000000000000000110000000
00000011000000000000000110000000
00000011000000000000000110000000
00000011000000000000000110000000
00000011000000000000000110000000
00000011000000000000000110000000
00000011000000000000000110000000
00000011000000000000000110000000
00000011000000000000000110000000
00000011000000000000000110000000
00000011000000000000000110000000
00000011000000000000000110000000
00000011000000000000000110000000
00000011000000000000000110000000
00000011100000000000001110000000
00000011100000000000001110000000
00000001110000000000011100000000
00000001111000000000111100000000
00000000111110000011111000000000
00000000011111111111110000000000
00000000000111111111000000000000
00000000000000000000000000000000
00000000000000000000000000000000
//V
00000000000000000000000000000000
00000000000000000000000000000000
00000110000000000000000001000000
00000110000000000000000011000000
00000111000000000000000011000000
00000111000000000000000111000000
00000011000000000000000110000000
00000011100000000000000110000000
00000001100000000000001110000000
00000001100000000000001100000000
00000001110000000000001100000000
00000000110000000000011100000000
00000000111000000000011000000000
00000000111000000000011000000000
00000000011000000000111000000000
00000000011100000000110000000000
00000000011100000000110000000000
00000000001100000001100000000000
00000000001110000001100000000000
00000000000110000001100000000000
00000000000110000011000000000000
00000000000111000011000000000000
00000000000011000111000000000000
00000000000011000110000000000000
00000000000011100110000000000000
00000000000001101100000000000000
00000000000001111100000000000000
00000000000000111100000000000000
00000000000000111000000000000000
00000000000000111000000000000000
00000000000000000000000000000000
00000000000000000000000000000000
//W
00000000000000000000000000000000
00000000000000000000000000000000
00000000000000000000000000000000
00000000000000000000000000000000
00000000000000000000000000000000
00000000000000000000000000000000
01000000000000111000000000000110
01100000000000111000000000000110
01100000000000111100000000000110
01100000000001101100000000001100
01110000000001101100000000001100
00110000000001100110000000001100
00110000000001000110000000001000
00110000000011000110000000011000
00011000000011000011000000011000
00011000000010000011000000011000
00011000000110000011000000010000
00011000000110000001100000110000
00001100000100000001100000110000
00001100001100000001100000110000
00001100001100000000110000100000
00001100001000000000110001100000
00000110011000000000110001100000
00000110011000000000011001100000
00000110010000000000011001000000
00000110110000000000011011000000
00000011110000000000001111000000
00000011110000000000001110000000
00000011100000000000001110000000
00000000000000000000000000000000
00000000000000000000000000000000
00000000000000000000000000000000
//X
00000000000000000000000000000000
00000000000000000000000000000000
00000110000000000000000010000000
00000111000000000000001110000000
00000011100000000000001110000000
00000001110000000000011100000000
00000001110000000000111000000000
00000000111000000000110000000000
00000000011100000001110000000000
00000000011100000011100000000000
00000000001110000011000000000000
00000000000111000111000000000000
00000000000111001110000000000000
00000000000011111100000000000000
00000000000001111000000000000000
00000000000001111000000000000000
00000000000001111000000000000000
00000000000011111100000000000000
00000000000011001110000000000000
00000000000111001110000000000000
00000000001110000111000000000000
00000000011100000011100000000000
00000000011100000011100000000000
00000000111000000001110000000000
00000001110000000000111000000000
00000001110000000000111000000000
00000011100000000000011100000000
00000111000000000000001110000000
00000110000000000000001111000000
00001110000000000000000111000000
00000000000000000000000000000000
00000000000000000000000000000000
//Y
00000000000000000000000000000000
00000000000000000000000000000000
00000110000000000000000001000000
00000111000000000000000111000000
00000011100000000000000110000000
00000011100000000000001110000000
00000001110000000000001100000000
00000000111000000000011000000000
00000000111000000000111000000000
00000000011100000000110000000000
00000000001110000001110000000000
00000000001110000011100000000000
00000000000111000011000000000000
00000000000111100111000000000000
00000000000011101110000000000000
00000000000001111100000000000000
00000000000001111100000000000000
00000000000000111000000000000000
00000000000000111000000000000000
00000000000000111000000000000000
00000000000000111000000000000000
00000000000000111000000000000000
00000000000000111000000000000000
00000000000000111000000000000000
00000000000000111000000000000000
00000000000000111000000000000000
00000000000000111000000000000000
00000000000000111000000000000000
00000000000000111000000000000000
00000000000000011000000000000000
00000000000000000000000000000000
00000000000000000000000000000000
//Z
00000000000000000000000000000000
00000000000000000000000000000000
00000000011111111111111110000000
00000000111111111111111111000000
00000000111111111111111111000000
00000000000000000000001110000000
00000000000000000000001110000000
00000000000000000000011100000000
00000000000000000000111000000000
00000000000000000000111000000000
00000000000000000001110000000000
00000000000000000001100000000000
00000000000000000011100000000000
00000000000000000111000000000000
00000000000000001110000000000000
00000000000000001110000000000000
00000000000000011100000000000000
00000000000000111000000000000000
00000000000000111000000000000000
00000000000001110000000000000000
00000000000011100000000000000000
00000000000011100000000000000000
00000000000111000000000000000000
00000000001110000000000000000000
00000000001110000000000000000000
00000000011100000000000000000000
00000000011000000000000000000000
00000000111111111111111110000000
00000000111111111111111111000000
00000000111111111111111111000000
00000000000000000000000000000000
00000000000000000000000000000000
// 
00000000000000000000000000000000
00000000000000000000000000000000
00000000000000000000000000000000
00000000000000000000000000000000
00000000000000000000000000000000
00000000000000000000000000000000
00000000000000000000000000000000
00000000000000000000000000000000
00000000000000000000000000000000
00000000000000000000000000000000
00000000000000000000000000000000
00000000000000000000000000000000
00000000000000000000000000000000
00000000000000000000000000000000
00000000000000000000000000000000
00000000000000000000000000000000
00000000000000000000000000000000
00000000000000000000000000000000
00000000000000000000000000000000
00000000000000000000000000000000
00000000000000000000000000000000
00000000000000000000000000000000
00000000000000000000000000000000
00000000000000000000000000000000
00000000000000000000000000000000
00000000000000000000000000000000
00000000000000000000000000000000
00000000000000000000000000000000
00000000000000000000000000000000
00000000000000000000000000000000
00000000000000000000000000000000
00000000000000000000000000000000









